0.02 0.02
raj1 : 0 0.2 0 -90
laj1 : 0 0.2 0 -90
llj3 : -8 0.2 0 28 , 2.8284 0.2 1.570796327 -2.8284
rlj3 :  8 0.2 0 28 , -2.8284 0.2 1.570796327 -2.8284
llj4 : -16 0.2 0 -75
rlj4 : 16 0.2 0 -75
llj5 : 8 0.2 0 48
rlj5 : -8 0.2 0 48
llj1 : 4 0.2 1.570796327 -4
rlj1 : -4 0.2 1.570796327 -4
llj2 : -20 0.2 1.570796327 4
rlj2 : 20 0.2 1.570796327 -4
llj6 : 8 0.2 1.570796327 0
rlj6 : -8 0.2 1.570796327 0
hj2  : 0 0.2 0 -25
