0.02 0.02
hj2  : 0 0.4 0 -25
laj3 : 0 0.4 0 -90
raj3 : 0 0.4 0 90
laj2 : 0 0.4 0 -20
raj2 : 0 0.4 0 20
laj1 : 0 0.4 0 -80
raj1 : 0 0.4 0 -80
llj3 : -8 .4 0 20 , -2.8284 .4 1.570796327 -2.8284
rlj3 :  8 .4 0 20 ,  2.8284 .4 1.570796327 -2.8284
llj4 : -16 .4 0 -50
rlj4 : 16 .4 0 -50
llj5 : 8 .4 0 32
rlj5 : -8 .4 0 32
llj1 : -4 .4 1.570796327 -4
rlj1 : 4 .4 1.570796327 -4
llj2 : 8 .4 1.570796327 0
rlj2 : -8 .4 1.570796327 0
llj6 : -8 .4 1.570796327 0
rlj6 : 8 .4 1.570796327 0