0.02 0.02
llj3 : 20 0.25 0 28 , -20 0.25 1.570796327 0
rlj3 : -20 0.25 0 28 , 20 0.25 1.570796327 0
llj4 : -20 0.25 0 -75
rlj4 : 20 0.25 0 -75
llj5 : 10 0.25 0 50 , 15 0.25 1.570796327 0
rlj5 : -10 0.25 0 50 , -15 0.25 1.570796327 0
laj1 : 0 0.25 0 -90
raj1 : 0 0.25 0 -90
llj2 : 0 0.25 0 4
rlj2 : 0 0.25 0 -4
hj2  : 0 0.25 0 -25