0.4 0.4
hj2  : 0 0.4 0 -25
laj3 : 0 0.4 0 -90
raj3 : 0 0.4 0 90
laj2 : 0 0.4 0 -20
raj2 : 0 0.4 0 20
laj1 : 0 0.4 0 -80
raj1 : 0 0.4 0 -80
llj3 : 20 0.4 -2.37376 22
rlj3 : 20 0.4 0.767829 22
llj4 : -20 0.4 -2.37376 -75 , -20 0.4 -2.28807 0
rlj4 : -20 0.4 0.767829 -75 , -20 0.4 0.853526 0
llj5 : 23.4254 0.4 -2.28807 52
rlj5 : 23.4254 0.4 0.853526 52
llj2 : -1.11014 0.4 -12.3723 0.416318
rlj2 : -1.03765 0.4 -1.52145 -0.368345
llj6 : 1.33755 0.4 -9.55974 0.600136
rlj6 : -4.80662 0.4 -7.52416 -1.30836