0.04 0.04
llj3 : 10 0.25 0 32
rlj3 : -10 0.25 0 32
llj4 : -20 0.25 0 -75
rlj4 : 20 0.25 0 -75
llj5 : 10 0.25 0 50
rlj5 : -10 0.25 0 50
laj1 : 0 0.25 0 -90
raj1 : 0 0.25 0 -90
llj2 : -20 0.25 1.570796327 0
rlj2 : 20 0.25 1.570796327 0
llj6 : 10 0.25 1.570796327 0
rlj6 : -10 0.25 1.570796327 0
hj2  : 0 0.25 0 -25