0.02 0.02
llj3 : 10.3 0.2 0 22
rlj3 : -10.3 0.2 0 22
llj4 : -20 0.2 0 -75
rlj4 : 20 0.2 0 -75
llj5 : 10 0.2 0 52
rlj5 : -10 0.2 0 52
laj1 : 0 0.2 0 -90
raj1 : 0 0.2 0 -90
llj2 : -25 0.2 1.570796327 0
rlj2 : 25 0.2 1.570796327 0
llj6 : 10 0.2 1.570796327 0
rlj6 : -10 0.2 1.570796327 0
hj2  : 0 0.2 0 -25