0.6 0.6
laj3 : 0 0.32 0 -90
raj3 : 0 0.32 0 90
laj2 : 0 0.32 0 -20
raj2 : 0 0.32 0 20
laj1 : -60 0.32 0 -80
raj1 : 60 0.32 0 -80
llj1 : -0 0.32 0 -10
rlj1 : 0 0.32 0 -10
llj2 : -0 0.32 0 4
rlj2 : 0 0.32 0 -4
llj3 : 30 0.32 0 28 , -30 0.32 1.570796327 0
rlj3 : -30 0.32 0 28 , 30 0.32 1.570796327 0
llj4 : -49 0.32 0 -75
rlj4 : 49 0.32 0 -75
llj5 : 20 0.32 0 50 , 20 0.32 1.570796327 0
rlj5 : -20 0.32 0 50 , -20 0.32 1.570796327 0
llj6 : -0 0.32 0 -4
rlj6 : 0 0.32 0 4
hj2  : 0 0.32 0 -25