0.02 0.02
llj3 : 20 0.3 0 28 , 20 0.3 1.570796327 0
rlj3 : -20 0.3 0 28 , -20 0.3 1.570796327 0
llj4 : -30 0.3 0 -75
rlj4 : 30 0.3 0 -75
llj5 : 15 0.3 0 45 , 15 0.3 1.570796327 0
rlj5 : -15 0.3 0 45 , -15 0.3 1.570796327 0
laj1 : 0 0.3 0 -90
raj1 : 0 0.3 0 -90
hj2  : 0 0.3 0 -25