2 2
hj2  : 0 0.4 0 -25
laj3 : 0 0.4 0 -90
raj3 : 0 0.4 0 90
laj2 : 0 0.4 0 -20
raj2 : 0 0.4 0 20
laj1 :  25 0.4 0 -80
raj1 : -25 0.4 0 -80
llj3 : 75 0.4 0 15 , -75 0.4 1.570796327 0
rlj3 : -75 0.4 0 15 , 75 0.4 1.570796327 0
llj4 : -90 0.4 0 -31
rlj4 : 90 0.4 0 -31
llj5 : 40 0.4 0 25 , 40 0.4 1.570796327 0
rlj5 : -40 0.4 0 25 , -40 0.4 1.570796327 0
rlj2 : 0 0.4 0 0
llj2 : 0 0.4 0 0